Hamid Nasr 0 0 941402191 1375 1272329070 SoftwarEngenier 19520
1 0 0 0 0 0 0
1 0 2 2 0 0 0
1 0 0 0 0 0 0
Mohammd Nasr 1 1 94140 1378 1242365 Student 196650
2 1 1 0 0 0 1
0 1 0 0 0 0 1
0 0 0 0 0 0 0
Ahmad Nasiri 11 11 941402154 1375 127232659 Barg 10000
1 2 1 0 0 0 0
0 0 0 0 0 0 0
0 0 0 0 0 0 0
Reza Mosavi 10 10 931402659 1373 111111 Mekanik 0
0 0 2 0 0 0 0
0 0 0 0 0 0 0
0 0 0 0 0 0 0
Reza Sadeghi rs 0 9414021 1376 124579+ OmranEngenier 0
0 0 0 0 0 0 0
0 0 0 0 0 0 0
0 0 0 0 0 0 0
Sajjad Talebi st97 9414 94140 1376 127222 Mechanich 8531
1 0 0 0 0 0 0
1 0 0 0 0 0 0
1 0 0 0 0 0 0
amir Ranjbar aaa sss 94 1375 2222 vet 108031
1 1 0 0 0 0 0
1 0 0 0 0 0 0
1 0 0 0 0 0 0
AliReza NabiFar 119 11 94140 1376 12644 MEkanik 96620
1 0 0 0 0 0 0
1 0 0 0 0 0 0
0 0 0 0 0 1 0
Kavoos Mahmoodi kavoos92 123 94140 1371 111111 Bargh 10000
0 0 0 0 0 0 0
0 0 0 0 0 0 0
0 0 0 0 0 0 0