0 Hamid Nasr 0 0 941402191 1375 1272329070 SoftwareEngenier 38219
0 1 0 1 1 0 0  1 1 1 0 1 1 1  1 1 0 0 1 0 0 
1 0 2 2 1 0 0  0 0 1 0 0 0 0  1 0 0 0 0 0 0 
0 0 0 1 0 0 1  1 0 0 1 0 0 1  1 0 0 0 0 0 0
1 Mohammd Nasr 1 1 94140 1378 1242365 Student 194411
2 0 1 1 1 1 1  0 0 0 0 0 0 0  0 0 0 0 0 0 0 
1 0 0 0 0 0 1  0 0 0 0 0 0 0  0 0 0 0 0 0 0 
0 0 0 0 0 0 0  0 0 0 0 0 0 0  0 0 0 0 0 0 0
2 Ahmad Nasiri 11 11 941402154 1375 127232659 Barg 10000
1 2 1 0 0 0 0  0 0 0 0 0 0 0  0 0 0 0 0 0 0 
0 0 0 0 0 0 0  0 0 0 0 0 0 0  0 0 0 0 0 0 0 
0 0 0 0 0 0 0  0 0 0 0 0 0 0  0 0 0 0 0 0 0
3 Reza Mosavi 10 10 931402659 1373 111111 Mekanik 0
0 0 2 0 0 0 0  0 0 0 0 0 0 0  0 0 0 0 0 0 0 
0 0 0 0 0 0 0  0 0 0 0 0 0 0  0 0 0 0 0 0 0 
0 0 0 0 0 0 0  0 0 0 0 0 0 0  0 0 0 0 0 0 0
4 Reza Sadeghi rs 0 9414021 1376 124579+ OmranEngenier 0
0 0 0 0 0 0 0  0 0 0 0 0 0 0  0 0 0 0 0 0 0 
0 0 0 0 0 0 0  0 0 0 0 0 0 0  0 0 0 0 0 0 0 
0 0 0 0 0 0 0  0 0 0 0 0 0 0  0 0 0 0 0 0 0
5 Sajjad Talebi st97 9414 94140 1376 127222 Mechanich 8531
1 0 0 0 0 0 0  0 0 0 0 0 0 0  0 0 0 0 0 0 0 
1 0 0 0 0 0 0  0 0 0 0 0 0 0  0 0 0 0 0 0 0 
1 0 0 0 0 0 0  0 0 0 0 0 0 0  0 0 0 0 0 0 0
6 amir Ranjbar aaa sss 94 1375 2222 vet 108031
1 1 0 0 0 0 0  0 0 0 0 0 0 0  0 0 0 0 0 0 0 
1 0 0 0 0 0 0  0 0 0 0 0 0 0  0 0 0 0 0 0 0 
1 0 0 0 0 0 0  0 0 0 0 0 0 0  0 0 0 0 0 0 0
7 AliReza NabiFar 119 11 94140 1376 12644 MEkanik 96620
1 0 0 0 0 0 0  0 0 0 0 0 0 0  0 0 0 0 0 0 0 
1 0 0 0 0 0 0  0 0 0 0 0 0 0  0 0 0 0 0 0 0 
0 0 0 0 0 1 0  0 0 0 0 0 0 0  0 0 0 0 0 0 0
8 Kavoos Mahmoodi kavoos92 123 94140 1371 111111 Bargh 10222
0 0 0 0 0 0 0  0 0 0 0 0 0 0  0 0 0 0 0 0 0 
0 0 0 0 0 0 0  0 0 0 0 0 0 0  0 0 0 0 0 0 0 
0 0 0 0 0 0 0  0 0 0 0 0 0 0  0 0 0 0 0 0 0
9 Hamid Khaksar 14 14 94140 1375 12722 Softwer 13468
1 1 0 0 0 0 0  0 0 0 0 0 0 0  0 0 0 0 0 0 0 
1 0 0 0 1 1 1  0 0 0 0 0 0 0  0 0 0 0 0 0 0 
1 1 0 0 0 0 1  0 0 0 0 0 0 0  0 0 0 0 0 0 0
10 Amir Kamali 15 15 9494 1376 12756 Sanaye 11
0 0 0 0 0 0 0  0 0 0 0 0 0 0  0 0 0 0 0 0 0 
0 0 0 0 0 0 0  0 0 0 0 0 0 0  0 0 0 0 0 0 0 
0 0 0 0 0 0 0  0 0 0 0 0 0 0  0 0 0 0 0 0 0
11 Mehran Jani 16 16 9457 1376 2222 Omran 0
0 0 0 0 0 0 0  0 0 0 0 0 0 0  0 0 0 0 0 0 0 
0 0 0 0 0 0 0  0 0 0 0 0 0 0  0 0 0 0 0 0 0 
0 0 0 0 0 0 0  0 0 0 0 0 0 0  0 0 0 0 0 0 0
12 Hojjat Alaghemandan 13 13 9444 1375 11111 22222 0
0 0 0 0 0 0 0  0 0 0 0 0 0 0  0 0 0 0 0 0 0 
0 0 0 0 0 0 0  0 0 0 0 0 0 0  0 0 0 0 0 0 0 
0 0 0 0 0 0 0  0 0 0 0 0 0 0  0 0 0 0 0 0 0
13 Mohammad Rezae 111 111 444 1111 2222 111 15000
0 0 0 0 0 0 0  0 0 0 0 0 0 0  0 0 0 0 0 0 0 
0 0 0 0 0 0 0  0 0 0 0 0 0 0  0 0 0 0 0 0 0 
0 0 0 0 0 0 0  0 0 0 0 0 0 0  0 0 0 0 0 0 0
14 Reza Shahi 70 70 11111 137 6552 fhffhfh 98620
1 0 0 0 1 0 0  0 0 0 0 0 0 0  0 0 0 0 0 0 0 
0 0 0 0 0 0 0  0 0 0 0 0 0 0  0 0 0 0 0 0 0 
0 0 0 0 0 0 0  0 0 0 0 0 0 0  0 0 0 0 0 0 0
15 1 1 111 111 1 1 1 1 0
0 0 0 0 0 0 0  0 0 0 0 0 0 0  0 0 0 0 0 0 0 
0 0 0 0 0 0 0  0 0 0 0 0 0 0  0 0 0 0 0 0 0 
0 0 0 0 0 0 0  0 0 0 0 0 0 0  0 0 0 0 0 0 0